9 0.116237 0.321429 0.0869709 0.0965608
12 0.691964 0.509425 0.0651455 0.0664683
9 0.109458 0.513889 0.105159 0.102513
9 0.145833 0.0363757 0.0919312 0.0687831
6 0.406085 0.449405 0.0906085 0.0443122
3 0.520503 0.0661376 0.0522487 0.0945767
7 0.429398 0.553902 0.0843254 0.0886243
3 0.0188492 0.223545 0.037037 0.0839947
3 0.324735 0.208664 0.0654762 0.0833333
1 0.617229 0.414683 0.078373 0.0324074
1 0.55291 0.425761 0.0833333 0.036045
9 0.0249669 0.0444775 0.0499339 0.0843254
9 0.143353 0.493221 0.088955 0.0916005
9 0.0535714 0.521991 0.0740741 0.0929233
1 0.684855 0.406085 0.0886243 0.0324074
