7 0.143684 0.634425 0.067791 0.0955688
9 0.454861 0.0676257 0.0896164 0.0916005
9 0.703373 0.295304 0.0839947 0.0886243
7 0.0920966 0.378638 0.0876323 0.0939153
15 0.658399 0.478671 0.0416667 0.0241402
7 0.698909 0.403605 0.0605159 0.030754
7 0.550099 0.581349 0.0492725 0.0753968
1 0.623016 0.83416 0.0998677 0.083664
9 0.583829 0.296296 0.0849868 0.0906085
1 0.657903 0.478505 0.0393519 0.0231481
15 0.51918 0.685351 0.0866402 0.0638228
15 0.600033 0.403108 0.0671296 0.0443122
7 0.916171 0.650959 0.0717593 0.0512566
7 0.0892857 0.763228 0.106481 0.077381
9 0.410714 0.0616733 0.0853175 0.0777116
9 0.243717 0.697751 0.047619 0.0992064
7 0.431713 0.570602 0.0406746 0.0453042
