0 0.193981 0.334095 0.075 0.0850091
15 0.655556 0.476234 0.0407407 0.0219378
9 0.584722 0.296161 0.0861111 0.0914077
7 0.138889 0.634369 0.0685185 0.0968921
15 0.6 0.40128 0.0666667 0.0438757
7 0.510648 0.679616 0.0990741 0.0612431
9 0.455093 0.0662706 0.0916667 0.0886654
3 0.338426 0.498172 0.0601852 0.0786106
15 0.338426 0.500914 0.062037 0.0804388
6 0.359722 0.311243 0.0324074 0.0393053
7 0.918056 0.643053 0.0731481 0.0484461
9 0.4125 0.0667276 0.0861111 0.0767825
9 0.241204 0.695612 0.0435185 0.100548
7 0.431019 0.564442 0.0416667 0.0466179
7 0.1 0.759141 0.0833333 0.0703839
