7 0.435185 0.690394 0.0333333 0.0801659
15 0.544907 0.573601 0.0898148 0.0608155
9 0.65463 0.45888 0.0981481 0.0787837
9 0.545833 0.4651 0.0898148 0.0691085
7 0.368519 0.683483 0.0833333 0.0898411
7 0.254167 0.569454 0.117593 0.056669
9 0.775463 0.465791 0.0953704 0.0691085
7 0.344907 0.580511 0.0564815 0.0718728
7 0.4375 0.571873 0.125 0.0573601
9 0.535185 0.394264 0.107407 0.0642709
7 0.808333 0.584312 0.0611111 0.0725639
1 0.831944 0.0618521 0.0824074 0.0532135
7 0.276852 0.681755 0.0981481 0.0877678
6 0.184722 0.106427 0.0972222 0.0718728
7 0.511574 0.686247 0.0898148 0.0870767
